Input parameters:
	50: number of nodes in the graph
	3: the nest node
	1.0: alpha, ant move event
	1.0: beta, ant move event
	0.2: delta, ant move event
	2.0: eta, pheromone evaporation event
	10.0: rho, pheromone evaporation event
	2.0: gamma, pheromone level
	1000: nu, ant colony size
	500: tau, final instant
with graph:
	 0  3  4  3  2  5  4  2  3  2  2  4  4  2  2  4  1  3  3  2  4  2  2  2  5  4  3  5  2  2  3  4  5  3  3  3  5  4  1  3  4  2  1  5  2  1  4  1  4  1
	 3  0  2  4  4  1  5  3  5  3  3  4  4  3  3  3  5  3  5  4  3  5  4  5  3  1  1  3  3  3  2  5  1  3  2  3  3  5  1  2  5  1  1  3  1  5  5  2  3  1
	 4  2  0  1  4  2  4  1  4  1  5  2  5  5  5  1  1  2  5  4  4  3  1  4  2  3  1  2  4  3  3  4  1  3  2  5  1  4  5  4  2  2  1  4  2  4  4  1  5  5
	 3  4  1  0  5  1  5  3  5  3  4  4  3  5  1  3  3  1  4  2  2  3  3  4  4  1  5  1  2  2  5  1  4  1  2  2  4  1  5  3  1  1  4  2  1  3  1  1  4  4
	 2  4  4  5  0  4  5  3  2  5  2  2  3  4  4  3  2  3  3  1  1  3  5  4  5  1  1  2  5  2  3  5  2  3  1  5  4  3  5  2  2  5  2  1  5  4  2  3  2  5
	 5  1  2  1  4  0  3  1  4  5  2  5  5  2  5  2  2  5  5  5  3  4  3  3  4  4  1  3  1  3  2  5  1  5  3  2  3  2  5  4  3  4  3  5  1  5  3  4  3  4
	 4  5  4  5  5  3  0  1  4  3  2  1  3  2  5  4  1  4  3  5  3  1  1  5  2  3  1  5  4  4  5  3  3  3  2  5  1  1  5  3  2  3  1  2  3  3  1  3  1  2
	 2  3  1  3  3  1  1  0  3  1  4  5  5  5  5  5  3  1  4  2  1  4  3  5  1  2  1  1  5  2  4  5  5  3  1  5  1  1  2  1  5  5  1  4  3  5  2  3  2  5
	 3  5  4  5  2  4  4  3  0  4  1  3  4  2  4  1  1  4  1  3  4  4  2  4  2  2  1  4  2  1  3  1  2  1  2  1  1  1  1  4  3  3  2  4  5  2  3  5  4  2
	 2  3  1  3  5  5  3  1  4  0  2  5  5  4  1  1  4  4  4  1  5  4  2  3  4  2  3  5  5  2  3  5  4  3  5  3  4  1  4  5  1  3  4  4  4  4  5  4  1  2
	 2  3  5  4  2  2  2  4  1  2  0  5  4  5  3  2  5  5  5  1  5  1  5  5  2  5  2  3  3  5  3  1  1  5  4  4  1  4  2  5  2  3  4  2  2  2  4  4  3  4
	 4  4  2  4  2  5  1  5  3  5  5  0  3  2  1  3  1  4  4  5  5  3  4  2  2  4  2  1  3  2  3  5  5  3  2  1  4  1  2  1  1  3  1  4  2  1  3  1  2  5
	 4  4  5  3  3  5  3  5  4  5  4  3  0  1  5  2  3  4  5  3  5  5  1  5  5  1  5  4  5  3  1  4  2  1  2  1  1  1  2  4  3  1  4  2  5  1  4  1  4  4
	 2  3  5  5  4  2  2  5  2  4  5  2  1  0  4  3  3  2  3  3  1  1  4  5  4  2  4  3  4  3  4  1  5  2  5  1  1  3  5  3  2  2  3  3  1  4  3  1  5  2
	 2  3  5  1  4  5  5  5  4  1  3  1  5  4  0  3  3  3  4  3  1  2  5  2  3  4  2  3  1  1  3  1  4  4  4  1  5  3  5  5  4  1  2  1  2  1  3  4  3  1
	 4  3  1  3  3  2  4  5  1  1  2  3  2  3  3  0  3  4  5  5  1  4  3  5  2  1  1  1  3  1  3  5  2  3  1  5  3  5  3  1  2  2  4  1  5  3  4  3  3  4
	 1  5  1  3  2  2  1  3  1  4  5  1  3  3  3  3  0  5  5  1  3  3  4  5  1  4  4  5  5  4  4  3  2  2  3  5  2  4  5  2  1  5  5  5  2  3  3  1  1  5
	 3  3  2  1  3  5  4  1  4  4  5  4  4  2  3  4  5  0  3  5  1  4  3  2  3  1  4  5  5  3  1  5  5  5  2  3  2  3  3  2  2  4  3  2  3  2  5  2  2  4
	 3  5  5  4  3  5  3  4  1  4  5  4  5  3  4  5  5  3  0  3  5  4  4  3  2  3  4  4  5  4  4  2  4  3  5  5  1  1  5  3  3  2  1  4  2  5  2  3  4  4
	 2  4  4  2  1  5  5  2  3  1  1  5  3  3  3  5  1  5  3  0  3  3  5  2  1  4  5  2  3  1  5  3  2  4  5  1  4  5  4  1  3  5  3  1  4  5  2  5  5  2
	 4  3  4  2  1  3  3  1  4  5  5  5  5  1  1  1  3  1  5  3  0  5  5  3  2  2  1  5  5  3  1  2  2  5  4  5  3  1  5  2  4  5  5  1  1  2  2  1  1  5
	 2  5  3  3  3  4  1  4  4  4  1  3  5  1  2  4  3  4  4  3  5  0  5  3  1  5  1  1  1  1  1  3  1  5  1  2  3  5  5  1  4  1  5  3  5  2  5  3  2  3
	 2  4  1  3  5  3  1  3  2  2  5  4  1  4  5  3  4  3  4  5  5  5  0  4  4  1  1  2  3  5  3  1  4  2  1  4  3  2  5  2  3  3  4  5  4  5  4  2  2  1
	 2  5  4  4  4  3  5  5  4  3  5  2  5  5  2  5  5  2  3  2  3  3  4  0  5  4  5  2  3  5  4  5  4  2  2  1  4  5  5  5  3  2  5  1  1  3  3  2  5  3
	 5  3  2  4  5  4  2  1  2  4  2  2  5  4  3  2  1  3  2  1  2  1  4  5  0  3  5  2  4  4  1  5  5  3  3  2  3  3  5  5  5  5  3  1  4  3  1  3  5  3
	 4  1  3  1  1  4  3  2  2  2  5  4  1  2  4  1  4  1  3  4  2  5  1  4  3  0  3  5  5  2  1  2  5  3  2  2  3  1  5  3  5  5  5  3  5  4  3  1  5  5
	 3  1  1  5  1  1  1  1  1  3  2  2  5  4  2  1  4  4  4  5  1  1  1  5  5  3  0  4  1  1  1  4  2  3  4  2  2  2  3  5  1  5  1  1  2  5  1  5  5  5
	 5  3  2  1  2  3  5  1  4  5  3  1  4  3  3  1  5  5  4  2  5  1  2  2  2  5  4  0  4  3  1  3  3  5  4  2  3  3  5  4  2  2  3  1  3  4  5  3  2  4
	 2  3  4  2  5  1  4  5  2  5  3  3  5  4  1  3  5  5  5  3  5  1  3  3  4  5  1  4  0  5  4  5  3  5  4  5  1  5  2  3  5  1  3  4  5  3  3  2  4  3
	 2  3  3  2  2  3  4  2  1  2  5  2  3  3  1  1  4  3  4  1  3  1  5  5  4  2  1  3  5  0  3  4  2  5  3  1  4  5  2  4  2  2  3  3  4  3  5  5  1  3
	 3  2  3  5  3  2  5  4  3  3  3  3  1  4  3  3  4  1  4  5  1  1  3  4  1  1  1  1  4  3  0  5  4  5  3  4  3  3  2  3  3  4  2  1  1  4  1  3  5  5
	 4  5  4  1  5  5  3  5  1  5  1  5  4  1  1  5  3  5  2  3  2  3  1  5  5  2  4  3  5  4  5  0  2  4  2  2  3  2  4  1  2  4  5  3  3  4  3  5  1  1
	 5  1  1  4  2  1  3  5  2  4  1  5  2  5  4  2  2  5  4  2  2  1  4  4  5  5  2  3  3  2  4  2  0  2  2  3  2  1  2  1  4  3  3  1  2  5  4  3  1  1
	 3  3  3  1  3  5  3  3  1  3  5  3  1  2  4  3  2  5  3  4  5  5  2  2  3  3  3  5  5  5  5  4  2  0  2  5  3  2  5  2  1  2  3  4  4  4  3  1  5  1
	 3  2  2  2  1  3  2  1  2  5  4  2  2  5  4  1  3  2  5  5  4  1  1  2  3  2  4  4  4  3  3  2  2  2  0  5  3  3  1  2  3  5  4  3  1  5  2  4  4  1
	 3  3  5  2  5  2  5  5  1  3  4  1  1  1  1  5  5  3  5  1  5  2  4  1  2  2  2  2  5  1  4  2  3  5  5  0  5  2  5  2  1  5  2  3  1  3  5  2  5  3
	 5  3  1  4  4  3  1  1  1  4  1  4  1  1  5  3  2  2  1  4  3  3  3  4  3  3  2  3  1  4  3  3  2  3  3  5  0  2  5  3  4  2  1  3  5  3  2  3  1  1
	 4  5  4  1  3  2  1  1  1  1  4  1  1  3  3  5  4  3  1  5  1  5  2  5  3  1  2  3  5  5  3  2  1  2  3  2  2  0  5  1  2  5  5  2  5  1  3  1  3  2
	 1  1  5  5  5  5  5  2  1  4  2  2  2  5  5  3  5  3  5  4  5  5  5  5  5  5  3  5  2  2  2  4  2  5  1  5  5  5  0  1  4  3  3  3  2  3  3  3  5  1
	 3  2  4  3  2  4  3  1  4  5  5  1  4  3  5  1  2  2  3  1  2  1  2  5  5  3  5  4  3  4  3  1  1  2  2  2  3  1  1  0  1  5  4  1  1  1  5  1  4  4
	 4  5  2  1  2  3  2  5  3  1  2  1  3  2  4  2  1  2  3  3  4  4  3  3  5  5  1  2  5  2  3  2  4  1  3  1  4  2  4  1  0  2  1  2  2  4  5  3  3  3
	 2  1  2  1  5  4  3  5  3  3  3  3  1  2  1  2  5  4  2  5  5  1  3  2  5  5  5  2  1  2  4  4  3  2  5  5  2  5  3  5  2  0  5  3  3  4  3  4  1  5
	 1  1  1  4  2  3  1  1  2  4  4  1  4  3  2  4  5  3  1  3  5  5  4  5  3  5  1  3  3  3  2  5  3  3  4  2  1  5  3  4  1  5  0  2  1  4  5  2  1  5
	 5  3  4  2  1  5  2  4  4  4  2  4  2  3  1  1  5  2  4  1  1  3  5  1  1  3  1  1  4  3  1  3  1  4  3  3  3  2  3  1  2  3  2  0  5  4  2  2  4  5
	 2  1  2  1  5  1  3  3  5  4  2  2  5  1  2  5  2  3  2  4  1  5  4  1  4  5  2  3  5  4  1  3  2  4  1  1  5  5  2  1  2  3  1  5  0  2  4  4  5  1
	 1  5  4  3  4  5  3  5  2  4  2  1  1  4  1  3  3  2  5  5  2  2  5  3  3  4  5  4  3  3  4  4  5  4  5  3  3  1  3  1  4  4  4  4  2  0  4  4  1  5
	 4  5  4  1  2  3  1  2  3  5  4  3  4  3  3  4  3  5  2  2  2  5  4  3  1  3  1  5  3  5  1  3  4  3  2  5  2  3  3  5  5  3  5  2  4  4  0  5  3  1
	 1  2  1  1  3  4  3  3  5  4  4  1  1  1  4  3  1  2  3  5  1  3  2  2  3  1  5  3  2  5  3  5  3  1  4  2  3  1  3  1  3  4  2  2  4  4  5  0  1  4
	 4  3  5  4  2  3  1  2  4  1  3  2  4  5  3  3  1  2  4  5  1  2  2  5  5  5  5  2  4  1  5  1  1  5  4  5  1  3  5  4  3  1  1  4  5  1  3  1  0  4
	 1  1  5  4  5  4  2  5  2  2  4  5  4  2  1  4  5  4  4  2  5  3  1  3  3  5  5  4  3  3  5  1  1  1  1  3  1  2  1  4  3  5  5  5  1  5  1  4  4  0

Observation 1:
	Present instant: 25.0
	Number of move events: 51456
	Number of evaporation events: 552
	Top candidate cycles:
		{3,37,9,39,47,7,5,20,25,34,41,10,23,13,48,24,8,22,12,36,26,40,21,27,30,33,45,46,38,44,16,50,32,31,35,43,14,42,17,49,15,19,6,2,11,28,1,29,4,18}:116
		{3,28,14,9,41,34,4,26,38,25,23,40,17,32,44,46,20,27,22,50,42,19,18,21,30,11,33,6,2,10,39,31,1,5,49,12,15,36,43,45,35,37,48,29,16,13,7,47,8,24}:123
		{3,12,15,36,43,20,45,2,39,50,22,40,46,33,17,10,4,30,49,5,47,48,19,21,16,27,37,35,11,28,8,18,26,31,9,14,23,13,38,7,24,32,44,41,29,1,42,25,34,6}:124
		{3,34,24,27,41,50,45,8,18,17,12,33,38,49,46,36,13,6,31,9,32,15,20,26,2,30,7,47,11,37,28,1,4,22,25,40,39,42,23,10,16,21,5,35,48,19,43,29,14,44}:127
		{3,41,25,21,49,28,34,14,23,5,39,44,7,9,2,27,15,42,36,30,12,24,19,10,33,45,17,47,35,18,43,31,40,32,22,46,11,8,1,29,37,13,38,48,26,50,16,6,4,20}:130
	Best Hamiltonian cycle:
		{3,17,13,7,10,25,19,9,34,33,14,41,46,12,22,48,39,38,32,21,1,36,24,27,44,15,28,31,23,35,4,29,11,16,2,42,8,6,45,43,49,30,26,18,50,47,5,20,40,37}:112

Observation 2:
	Present instant: 50.0
	Number of move events: 110257
	Number of evaporation events: 8090
	Top candidate cycles:
		{3,12,13,16,49,21,18,46,1,50,45,6,33,38,41,30,9,31,23,26,48,34,5,47,19,42,15,36,25,10,4,22,27,43,8,28,24,35,32,17,7,29,37,11,2,39,44,14,20,40}:95
		{3,22,25,46,43,19,9,11,5,35,13,36,17,49,42,27,37,33,45,6,8,18,26,2,39,50,32,21,40,20,4,1,29,16,44,47,24,28,15,12,41,34,23,7,10,14,48,38,31,30}:96
		{3,28,38,40,46,29,34,24,33,1,14,47,31,11,23,26,44,25,20,36,13,5,22,12,17,7,49,10,8,18,21,48,6,27,37,43,19,4,30,15,45,41,16,9,32,35,50,39,2,42}:97
		{3,35,24,9,26,37,13,49,17,5,20,4,45,6,27,22,50,7,47,14,23,40,8,18,21,48,34,25,43,12,36,30,2,33,46,38,15,44,28,16,29,1,39,11,31,41,42,19,32,10}:99
		{3,35,45,21,37,29,33,9,32,28,10,11,5,27,47,31,24,34,23,46,49,17,12,15,14,43,44,16,39,2,50,1,19,48,6,7,30,42,18,26,13,38,40,20,22,25,36,41,4,8}:102
	Best Hamiltonian cycle:
		{3,37,12,39,9,19,48,38,46,45,43,35,4,6,27,16,21,32,44,41,25,47,10,23,14,22,18,26,31,13,36,24,28,8,40,20,50,34,42,2,30,33,11,5,17,1,29,15,49,7}:94

Observation 3:
	Present instant: 75.0
	Number of move events: 176641
	Number of evaporation events: 16419
	Top candidate cycles:
		{3,34,26,30,4,28,16,11,50,32,35,5,17,7,47,31,38,46,24,48,39,40,41,18,19,37,43,12,36,15,42,44,20,25,22,1,29,14,13,23,6,45,21,27,9,33,2,10,49,8}:85
		{3,43,46,49,10,15,50,22,12,44,16,11,31,47,7,23,13,36,20,40,17,32,9,38,33,45,41,24,35,4,30,27,21,5,34,48,26,18,42,2,39,1,29,14,37,19,25,8,28,6}:86
		{3,33,44,15,14,32,35,24,48,38,46,7,37,19,9,16,21,49,30,8,17,13,26,2,39,50,20,40,45,41,11,29,42,34,23,1,12,43,6,27,31,47,25,28,4,22,5,18,36,10}:87
		{3,33,21,30,31,28,23,7,43,12,35,24,45,41,34,25,42,44,14,37,13,36,15,4,6,2,39,50,20,40,46,1,29,22,32,10,49,17,48,38,9,11,5,47,19,18,26,27,16,8}:88
		{3,41,14,7,12,24,35,23,13,36,18,26,31,47,8,6,2,33,17,4,22,1,50,39,42,40,20,25,21,5,27,16,19,45,43,30,49,10,32,9,34,48,38,46,29,37,11,28,15,44}:91
	Best Hamiltonian cycle:
		{3,8,40,12,39,2,42,15,36,45,6,33,11,25,22,27,21,49,30,4,32,28,44,38,46,1,17,7,10,14,43,20,50,16,26,31,47,5,35,23,13,34,9,19,48,29,37,41,18,24}:81

Observation 4:
	Present instant: 100.0
	Number of move events: 248776
	Number of evaporation events: 23677
	Top candidate cycles:
		{3,19,9,34,50,39,35,24,5,21,18,8,28,15,36,45,6,38,46,40,20,25,44,32,49,13,23,10,16,27,22,31,47,7,17,48,12,41,30,4,26,2,42,14,37,29,11,33,43,1}:77
		{3,8,40,12,39,2,42,15,36,45,6,33,11,25,22,27,21,49,30,4,32,28,44,38,46,1,17,7,10,14,43,20,50,16,26,31,47,5,35,23,13,34,9,19,48,29,37,41,18,24}:81
		{3,33,44,35,11,20,40,37,43,2,39,1,29,16,27,47,5,21,4,15,12,30,22,50,32,17,48,26,18,41,34,42,14,36,24,28,8,6,45,46,49,10,23,13,7,25,19,9,38,31}:81
		{3,48,21,15,50,22,31,38,44,28,32,18,46,40,8,43,12,7,23,10,41,27,9,19,42,30,26,2,6,4,35,5,1,17,49,33,11,37,14,13,34,24,36,45,16,29,39,47,25,20}:81
		{3,12,19,44,25,50,15,22,42,29,1,17,7,8,40,38,48,26,18,21,5,35,39,2,27,16,9,34,24,36,30,4,28,11,46,45,6,33,31,43,49,10,41,47,14,37,13,23,32,20}:82
	Best Hamiltonian cycle:
		{3,45,21,14,32,9,19,43,12,22,50,2,6,8,18,46,38,13,23,10,16,27,41,42,15,36,24,34,48,29,4,35,39,1,17,25,20,40,44,28,11,37,31,47,7,49,30,33,26,5}:74

Observation 5:
	Present instant: 125.0
	Number of move events: 324724
	Number of evaporation events: 31101
	Top candidate cycles:
		{3,2,11,5,21,16,27,43,45,12,39,29,37,19,9,32,44,25,23,7,17,49,10,41,34,42,15,36,13,38,46,40,18,26,48,14,22,31,47,4,6,33,30,8,28,24,35,50,20,1}:73
		{3,6,37,28,11,32,35,39,1,29,46,15,36,13,23,7,47,31,26,18,40,8,21,5,20,44,16,27,30,49,33,50,2,45,43,12,22,25,42,4,38,14,48,17,9,19,24,34,41,10}:73
		{3,8,45,1,29,22,25,34,42,30,36,15,50,39,2,26,31,47,7,49,10,16,41,18,19,9,32,23,13,17,4,20,40,46,38,48,12,43,37,14,21,27,5,11,33,44,28,24,35,6}:73
		{3,25,44,41,34,23,13,36,43,45,6,2,39,12,22,7,47,5,27,16,9,19,18,21,48,14,42,29,37,11,33,49,32,50,15,4,28,8,40,20,10,26,31,38,46,1,17,35,24,30}:73
		{3,48,19,37,11,33,44,25,47,45,6,27,31,26,23,7,8,9,32,14,39,2,43,29,42,30,22,4,15,46,38,13,36,20,40,41,12,17,1,5,21,18,50,34,24,35,16,28,49,10}:73
	Best Hamiltonian cycle:
		{3,16,26,48,14,9,32,49,17,7,47,31,6,45,15,36,13,38,46,1,50,35,5,21,8,28,24,29,37,43,19,42,34,33,2,39,12,41,30,22,25,20,40,18,44,27,23,10,11,4}:68

Observation 6:
	Present instant: 150.0
	Number of move events: 403442
	Number of evaporation events: 38330
	Top candidate cycles:
		{3,42,29,11,41,27,43,49,32,23,34,25,44,16,10,20,5,35,39,50,2,26,31,47,7,8,18,21,45,33,6,4,15,46,38,40,24,28,22,14,9,19,37,13,36,12,48,17,1,30}:67
		{3,16,26,48,14,9,32,49,17,7,47,31,6,45,15,36,13,38,46,1,50,35,5,21,8,28,24,29,37,43,19,42,34,33,2,39,12,41,30,22,25,20,40,18,44,27,23,10,11,4}:68
		{3,37,13,23,32,21,27,41,24,34,29,43,19,9,39,50,2,26,18,40,20,11,5,35,16,10,49,30,15,44,25,22,31,28,8,7,47,4,6,45,36,12,17,48,38,46,1,42,14,33}:68
		{3,23,7,37,43,12,46,38,48,19,9,32,11,31,47,27,2,33,44,28,24,35,50,39,15,42,14,22,25,20,40,8,18,26,5,1,29,16,10,41,34,13,36,45,6,4,30,49,21,17}:68
		{3,43,37,27,16,28,4,22,12,7,17,13,31,47,25,19,9,32,35,23,26,18,21,15,44,20,40,38,48,34,41,10,49,30,33,11,29,42,2,39,50,45,46,1,24,36,14,6,8,5}:70
	Best Hamiltonian cycle:
		{3,17,9,11,24,31,47,50,34,7,8,28,4,38,40,46,1,39,35,5,20,25,19,37,29,42,2,6,27,44,33,30,49,43,45,15,36,13,23,32,14,22,12,48,21,18,41,10,16,26}:67

Observation 7:
	Present instant: 175.0
	Number of move events: 483906
	Number of evaporation events: 45683
	Top candidate cycles:
		{3,30,14,22,25,47,27,21,8,28,16,44,20,40,46,38,4,6,2,39,50,32,23,35,24,34,41,45,18,26,31,13,36,15,10,5,11,9,19,42,29,1,17,48,12,43,37,7,49,33}:66
		{3,4,28,11,33,34,41,38,46,1,24,36,13,23,37,19,9,32,21,16,10,49,17,48,26,18,8,7,47,31,45,6,2,50,39,29,42,30,15,44,25,20,43,12,40,22,14,35,5,27}:66
		{3,17,9,11,24,31,47,50,34,7,8,28,4,38,40,46,1,39,35,5,20,25,19,37,29,42,2,6,27,44,33,30,49,43,45,15,36,13,23,32,14,22,12,48,21,18,41,10,16,26}:67
		{3,42,29,11,41,27,43,49,32,23,34,25,44,16,10,20,5,35,39,50,2,26,31,47,7,8,18,21,45,33,6,4,15,46,38,40,24,28,22,14,9,19,37,13,36,12,48,17,1,30}:67
		{3,23,26,30,27,5,21,25,44,15,36,45,33,2,39,1,46,40,20,11,16,10,41,18,8,7,17,48,14,37,19,43,29,42,22,28,4,6,38,13,12,49,32,9,35,50,34,24,47,31}:67
	Best Hamiltonian cycle:
		{3,2,50,32,11,5,1,17,25,47,31,44,33,6,27,21,48,12,41,34,24,36,20,40,46,45,43,19,9,16,10,23,13,38,4,42,29,39,35,22,30,49,15,28,8,7,37,14,18,26}:64

Observation 8:
	Present instant: 200.0
	Number of move events: 565306
	Number of evaporation events: 52675
	Top candidate cycles:
		{3,2,50,32,11,5,1,17,25,47,31,44,33,6,27,21,48,12,41,34,24,36,20,40,46,45,43,19,9,16,10,23,13,38,4,42,29,39,35,22,30,49,15,28,8,7,37,14,18,26}:64
		{3,33,40,8,27,44,15,50,39,9,32,49,30,4,38,46,1,5,20,25,47,7,17,45,43,12,41,24,36,13,14,22,29,37,11,28,31,26,18,19,42,34,48,21,16,10,23,35,6,2}:65
		{3,30,14,22,25,47,27,21,8,28,16,44,20,40,46,38,4,6,2,39,50,32,23,35,24,34,41,45,18,26,31,13,36,15,10,5,11,9,19,42,29,1,17,48,12,43,37,7,49,33}:66
		{3,4,28,11,33,34,41,38,46,1,24,36,13,23,37,19,9,32,21,16,10,49,17,48,26,18,8,7,47,31,45,6,2,50,39,29,42,30,15,44,25,20,43,12,40,22,14,35,5,27}:66
		{3,45,1,8,6,31,47,27,22,29,39,50,35,5,21,16,10,41,11,37,19,9,32,23,13,38,48,14,42,2,33,30,49,17,7,12,43,20,40,46,15,44,28,24,36,18,26,4,34,25}:66
	Best Hamiltonian cycle:
		{3,6,4,47,24,36,12,46,38,13,23,35,39,50,1,5,21,27,41,40,20,25,44,16,10,15,28,8,30,49,43,19,37,11,9,32,14,48,34,42,29,22,7,17,33,2,26,18,45,31}:63

Observation 9:
	Present instant: 225.0
	Number of move events: 648339
	Number of evaporation events: 59576
	Top candidate cycles:
		{3,2,50,32,11,5,1,17,25,47,31,44,33,6,27,21,48,12,41,34,24,36,20,40,46,45,43,19,9,16,10,23,13,38,4,42,29,39,35,22,30,49,15,28,8,7,37,14,18,26}:64
		{3,48,14,37,11,2,42,29,22,30,15,46,1,17,49,21,32,23,35,39,45,43,27,44,16,10,41,24,34,50,33,6,31,26,18,40,38,13,36,12,7,8,28,4,47,25,20,5,19,9}:64
		{3,33,40,8,27,44,15,50,39,9,32,49,30,4,38,46,1,5,20,25,47,7,17,45,43,12,41,24,36,13,14,22,29,37,11,28,31,26,18,19,42,34,48,21,16,10,23,35,6,2}:65
		{3,48,12,17,49,21,5,11,31,26,2,33,44,15,36,20,25,19,37,29,22,30,8,28,24,35,23,13,34,50,45,6,27,16,10,41,40,39,1,46,38,7,47,14,9,32,4,42,18,43}:65
		{3,30,14,22,25,47,27,21,8,28,16,44,20,40,46,38,4,6,2,39,50,32,23,35,24,34,41,45,18,26,31,13,36,15,10,5,11,9,19,42,29,1,17,48,12,43,37,7,49,33}:66
	Best Hamiltonian cycle:
		{3,6,4,47,24,36,12,46,38,13,23,35,39,50,1,5,21,27,41,40,20,25,44,16,10,15,28,8,30,49,43,19,37,11,9,32,14,48,34,42,29,22,7,17,33,2,26,18,45,31}:63

Observation 10:
	Present instant: 250.0
	Number of move events: 732254
	Number of evaporation events: 66678
	Top candidate cycles:
		{3,18,8,7,47,25,28,4,6,2,42,29,37,11,33,50,39,12,43,20,5,21,45,36,24,35,23,32,49,30,15,44,16,10,41,34,19,9,27,22,14,48,17,1,46,40,38,13,26,31}:60
		{3,6,4,47,24,36,12,46,38,13,23,35,39,50,1,5,21,27,41,40,20,25,44,16,10,15,28,8,30,49,43,19,37,11,9,32,14,48,34,42,29,22,7,17,33,2,26,18,45,31}:63
		{3,2,50,32,11,5,1,17,25,47,31,44,33,6,27,21,48,12,41,34,24,36,20,40,46,45,43,19,9,16,10,23,13,38,4,42,29,39,35,22,30,49,15,28,8,7,37,14,18,26}:64
		{3,48,14,37,11,2,42,29,22,30,15,46,1,17,49,21,32,23,35,39,45,43,27,44,16,10,41,24,34,50,33,6,31,26,18,40,38,13,36,12,7,8,28,4,47,25,20,5,19,9}:64
		{3,17,49,10,41,27,30,15,12,46,1,50,2,43,20,25,44,38,13,34,48,26,31,28,8,18,21,5,35,23,32,11,33,6,45,36,24,47,7,37,14,22,29,42,19,9,16,4,40,39}:64
	Best Hamiltonian cycle:
		{3,4,42,2,6,33,11,29,37,19,43,12,15,44,16,27,5,1,39,35,24,20,40,46,22,25,47,7,49,30,36,14,48,21,18,26,31,45,50,32,23,13,34,41,10,38,8,28,9,17}:59

Observation 11:
	Present instant: 275.0
	Number of move events: 817265
	Number of evaporation events: 73538
	Top candidate cycles:
		{3,18,8,7,47,25,28,4,6,2,42,29,37,11,33,50,39,12,43,20,5,21,45,36,24,35,23,32,49,30,15,44,16,10,41,34,19,9,27,22,14,48,17,1,46,40,38,13,26,31}:60
		{3,43,37,11,33,6,27,47,24,35,22,30,49,17,48,38,13,31,28,8,40,41,34,42,29,39,9,19,25,21,16,10,20,5,1,46,12,7,23,32,50,2,26,18,36,15,44,14,45,4}:62
		{3,6,4,47,24,36,12,46,38,13,23,35,39,50,1,5,21,27,41,40,20,25,44,16,10,15,28,8,30,49,43,19,37,11,9,32,14,48,34,42,29,22,7,17,33,2,26,18,45,31}:63
		{3,25,44,28,22,35,23,26,2,33,11,9,32,49,46,40,41,34,13,31,47,5,21,45,6,4,42,14,48,38,18,8,30,27,16,10,15,50,39,29,1,17,12,7,37,43,19,24,36,20}:63
		{3,2,50,32,11,5,1,17,25,47,31,44,33,6,27,21,48,12,41,34,24,36,20,40,46,45,43,19,9,16,10,23,13,38,4,42,29,39,35,22,30,49,15,28,8,7,37,14,18,26}:64
	Best Hamiltonian cycle:
		{3,4,42,2,6,33,11,29,37,19,43,12,15,44,16,27,5,1,39,35,24,20,40,46,22,25,47,7,49,30,36,14,48,21,18,26,31,45,50,32,23,13,34,41,10,38,8,28,9,17}:59

Observation 12:
	Present instant: 300.0
	Number of move events: 902883
	Number of evaporation events: 80584
	Top candidate cycles:
		{3,45,6,27,16,9,19,37,13,31,28,8,18,26,23,7,47,25,22,14,32,50,34,24,36,30,33,11,20,44,15,12,43,2,42,29,48,17,1,46,38,4,21,5,35,39,40,41,10,49}:59
		{3,18,8,7,47,25,28,4,6,2,42,29,37,11,33,50,39,12,43,20,5,21,45,36,24,35,23,32,49,30,15,44,16,10,41,34,19,9,27,22,14,48,17,1,46,40,38,13,26,31}:60
		{3,43,37,11,33,6,27,47,24,35,22,30,49,17,48,38,13,31,28,8,40,41,34,42,29,39,9,19,25,21,16,10,20,5,1,46,12,7,23,32,50,2,26,18,36,15,44,14,45,4}:62
		{3,4,38,6,2,39,50,32,35,5,47,27,43,45,33,44,28,8,18,21,49,10,16,29,42,34,41,12,36,24,1,17,48,14,22,30,15,46,40,20,25,11,9,19,37,13,31,26,23,7}:62
		{3,6,4,47,24,36,12,46,38,13,23,35,39,50,1,5,21,27,41,40,20,25,44,16,10,15,28,8,30,49,43,19,37,11,9,32,14,48,34,42,29,22,7,17,33,2,26,18,45,31}:63
	Best Hamiltonian cycle:
		{3,4,42,2,6,33,11,29,37,19,43,12,15,44,16,27,5,1,39,35,24,20,40,46,22,25,47,7,49,30,36,14,48,21,18,26,31,45,50,32,23,13,34,41,10,38,8,28,9,17}:59

Observation 13:
	Present instant: 325.0
	Number of move events: 988855
	Number of evaporation events: 87151
	Top candidate cycles:
		{3,4,42,2,6,33,11,29,37,19,43,12,15,44,16,27,5,1,39,35,24,20,40,46,22,25,47,7,49,30,36,14,48,21,18,26,31,45,50,32,23,13,34,41,10,38,8,28,9,17}:59
		{3,45,6,27,16,9,19,37,13,31,28,8,18,26,23,7,47,25,22,14,32,50,34,24,36,30,33,11,20,44,15,12,43,2,42,29,48,17,1,46,38,4,21,5,35,39,40,41,10,49}:59
		{3,18,8,7,47,25,28,4,6,2,42,29,37,11,33,50,39,12,43,20,5,21,45,36,24,35,23,32,49,30,15,44,16,10,41,34,19,9,27,22,14,48,17,1,46,40,38,13,26,31}:60
		{3,43,37,11,33,6,27,47,24,35,22,30,49,17,48,38,13,31,28,8,40,41,34,42,29,39,9,19,25,21,16,10,20,5,1,46,12,7,23,32,50,2,26,18,36,15,44,14,45,4}:62
		{3,4,38,6,2,39,50,32,35,5,47,27,43,45,33,44,28,8,18,21,49,10,16,29,42,34,41,12,36,24,1,17,48,14,22,30,15,46,40,20,25,11,9,19,37,13,31,26,23,7}:62
	Best Hamiltonian cycle:
		{3,37,19,9,11,33,45,6,4,38,46,40,12,17,48,21,16,29,42,2,27,31,22,25,20,44,15,10,41,34,24,36,30,49,28,8,18,26,13,23,7,47,5,35,39,1,50,32,14,43}:58

Observation 14:
	Present instant: 350.0
	Number of move events: 1075072
	Number of evaporation events: 93662
	Top candidate cycles:
		{3,4,42,2,6,33,11,29,37,19,43,12,15,44,16,27,5,1,39,35,24,20,40,46,22,25,47,7,49,30,36,14,48,21,18,26,31,45,50,32,23,13,34,41,10,38,8,28,9,17}:59
		{3,45,6,27,16,9,19,37,13,31,28,8,18,26,23,7,47,25,22,14,32,50,34,24,36,30,33,11,20,44,15,12,43,2,42,29,48,17,1,46,38,4,21,5,35,39,40,41,10,49}:59
		{3,48,38,46,40,41,34,13,36,30,15,10,16,21,18,26,2,42,29,1,50,45,43,12,39,35,24,8,28,44,25,20,11,37,19,9,14,22,31,47,5,27,6,33,49,17,7,23,32,4}:59
		{3,18,8,7,47,25,28,4,6,2,42,29,37,11,33,50,39,12,43,20,5,21,45,36,24,35,23,32,49,30,15,44,16,10,41,34,19,9,27,22,14,48,17,1,46,40,38,13,26,31}:60
		{3,37,29,42,15,4,38,48,17,9,19,18,14,32,23,35,5,21,49,30,27,16,10,26,31,13,36,20,25,47,7,22,46,40,41,34,24,28,8,6,2,33,44,11,45,50,39,1,43,12}:60
	Best Hamiltonian cycle:
		{3,37,19,9,11,33,45,6,4,38,46,40,12,17,48,21,16,29,42,2,27,31,22,25,20,44,15,10,41,34,24,36,30,49,28,8,18,26,13,23,7,47,5,35,39,1,50,32,14,43}:58

Observation 15:
	Present instant: 375.0
	Number of move events: 1162275
	Number of evaporation events: 99892
	Top candidate cycles:
		{3,4,6,2,33,11,37,29,42,34,50,39,1,17,49,10,16,44,40,20,36,12,15,46,45,21,18,8,7,47,5,35,24,28,25,22,14,48,38,13,31,26,23,32,9,19,43,27,30,41}:58
		{3,4,42,2,6,33,11,29,37,19,43,12,15,44,16,27,5,1,39,35,24,20,40,46,22,25,47,7,49,30,36,14,48,21,18,26,31,45,50,32,23,13,34,41,10,38,8,28,9,17}:59
		{3,45,6,27,16,9,19,37,13,31,28,8,18,26,23,7,47,25,22,14,32,50,34,24,36,30,33,11,20,44,15,12,43,2,42,29,48,17,1,46,38,4,21,5,35,39,40,41,10,49}:59
		{3,48,38,46,40,41,34,13,36,30,15,10,16,21,18,26,2,42,29,1,50,45,43,12,39,35,24,8,28,44,25,20,11,37,19,9,14,22,31,47,5,27,6,33,49,17,7,23,32,4}:59
		{3,18,8,7,47,25,28,4,6,2,42,29,37,11,33,50,39,12,43,20,5,21,45,36,24,35,23,32,49,30,15,44,16,10,41,34,19,9,27,22,14,48,17,1,46,40,38,13,26,31}:60
	Best Hamiltonian cycle:
		{3,37,19,9,11,33,45,6,4,38,46,40,12,17,48,21,16,29,42,2,27,31,22,25,20,44,15,10,41,34,24,36,30,49,28,8,18,26,13,23,7,47,5,35,39,1,50,32,14,43}:58

Observation 16:
	Present instant: 400.0
	Number of move events: 1249940
	Number of evaporation events: 106006
	Top candidate cycles:
		{3,4,6,2,33,11,37,29,42,34,50,39,1,17,49,10,16,44,40,20,36,12,15,46,45,21,18,8,7,47,5,35,24,28,25,22,14,48,38,13,31,26,23,32,9,19,43,27,30,41}:58
		{3,4,42,2,6,33,11,29,37,19,43,12,15,44,16,27,5,1,39,35,24,20,40,46,22,25,47,7,49,30,36,14,48,21,18,26,31,45,50,32,23,13,34,41,10,38,8,28,9,17}:59
		{3,45,6,27,16,9,19,37,13,31,28,8,18,26,23,7,47,25,22,14,32,50,34,24,36,30,33,11,20,44,15,12,43,2,42,29,48,17,1,46,38,4,21,5,35,39,40,41,10,49}:59
		{3,48,38,46,40,41,34,13,36,30,15,10,16,21,18,26,2,42,29,1,50,45,43,12,39,35,24,8,28,44,25,20,11,37,19,9,14,22,31,47,5,27,6,33,49,17,7,23,32,4}:59
		{3,27,16,28,24,36,15,44,33,2,39,50,35,5,20,25,47,31,26,18,8,21,49,7,22,14,32,9,11,37,29,42,4,30,41,10,23,13,34,48,38,40,46,1,17,12,43,19,6,45}:59
	Best Hamiltonian cycle:
		{3,37,19,9,11,33,45,6,4,38,46,40,12,17,48,21,16,29,42,2,27,31,22,25,20,44,15,10,41,34,24,36,30,49,28,8,18,26,13,23,7,47,5,35,39,1,50,32,14,43}:58

Observation 17:
	Present instant: 425.0
	Number of move events: 1337118
	Number of evaporation events: 112100
	Top candidate cycles:
		{3,37,19,9,11,33,45,6,4,38,46,40,12,17,48,21,16,29,42,2,27,31,22,25,20,44,15,10,41,34,24,36,30,49,28,8,18,26,13,23,7,47,5,35,39,1,50,32,14,43}:58
		{3,4,6,2,33,11,37,29,42,34,50,39,1,17,49,10,16,44,40,20,36,12,15,46,45,21,18,8,7,47,5,35,24,28,25,22,14,48,38,13,31,26,23,32,9,19,43,27,30,41}:58
		{3,4,42,2,6,33,11,29,37,19,43,12,15,44,16,27,5,1,39,35,24,20,40,46,22,25,47,7,49,30,36,14,48,21,18,26,31,45,50,32,23,13,34,41,10,38,8,28,9,17}:59
		{3,45,6,27,16,9,19,37,13,31,28,8,18,26,23,7,47,25,22,14,32,50,34,24,36,30,33,11,20,44,15,12,43,2,42,29,48,17,1,46,38,4,21,5,35,39,40,41,10,49}:59
		{3,48,38,46,40,41,34,13,36,30,15,10,16,21,18,26,2,42,29,1,50,45,43,12,39,35,24,8,28,44,25,20,11,37,19,9,14,22,31,47,5,27,6,33,49,17,7,23,32,4}:59
	Best Hamiltonian cycle:
		{3,25,44,28,8,21,5,11,37,19,43,49,7,47,50,35,39,2,42,29,22,14,36,15,30,4,38,48,12,46,40,20,10,41,34,9,32,23,13,31,26,18,24,1,17,33,6,45,27,16}:57

Observation 18:
	Present instant: 450.0
	Number of move events: 1424192
	Number of evaporation events: 118184
	Top candidate cycles:
		{3,37,19,9,11,33,45,6,4,38,46,40,12,17,48,21,16,29,42,2,27,31,22,25,20,44,15,10,41,34,24,36,30,49,28,8,18,26,13,23,7,47,5,35,39,1,50,32,14,43}:58
		{3,4,6,2,33,11,37,29,42,34,50,39,1,17,49,10,16,44,40,20,36,12,15,46,45,21,18,8,7,47,5,35,24,28,25,22,14,48,38,13,31,26,23,32,9,19,43,27,30,41}:58
		{3,4,42,29,48,12,43,19,9,32,14,22,25,44,16,11,33,6,45,21,5,47,7,17,1,50,34,41,40,20,36,30,15,10,49,46,38,13,37,27,31,28,24,35,23,26,18,8,39,2}:58
		{3,4,42,2,6,33,11,29,37,19,43,12,15,44,16,27,5,1,39,35,24,20,40,46,22,25,47,7,49,30,36,14,48,21,18,26,31,45,50,32,23,13,34,41,10,38,8,28,9,17}:59
		{3,45,6,27,16,9,19,37,13,31,28,8,18,26,23,7,47,25,22,14,32,50,34,24,36,30,33,11,20,44,15,12,43,2,42,29,48,17,1,46,38,4,21,5,35,39,40,41,10,49}:59
	Best Hamiltonian cycle:
		{3,25,44,28,8,21,5,11,37,19,43,49,7,47,50,35,39,2,42,29,22,14,36,15,30,4,38,48,12,46,40,20,10,41,34,9,32,23,13,31,26,18,24,1,17,33,6,45,27,16}:57

Observation 19:
	Present instant: 475.0
	Number of move events: 1512277
	Number of evaporation events: 124397
	Top candidate cycles:
		{3,37,19,9,11,33,45,6,4,38,46,40,12,17,48,21,16,29,42,2,27,31,22,25,20,44,15,10,41,34,24,36,30,49,28,8,18,26,13,23,7,47,5,35,39,1,50,32,14,43}:58
		{3,4,6,2,33,11,37,29,42,34,50,39,1,17,49,10,16,44,40,20,36,12,15,46,45,21,18,8,7,47,5,35,24,28,25,22,14,48,38,13,31,26,23,32,9,19,43,27,30,41}:58
		{3,4,42,29,48,12,43,19,9,32,14,22,25,44,16,11,33,6,45,21,5,47,7,17,1,50,34,41,40,20,36,30,15,10,49,46,38,13,37,27,31,28,24,35,23,26,18,8,39,2}:58
		{3,4,42,2,6,33,11,29,37,19,43,12,15,44,16,27,5,1,39,35,24,20,40,46,22,25,47,7,49,30,36,14,48,21,18,26,31,45,50,32,23,13,34,41,10,38,8,28,9,17}:59
		{3,45,6,27,16,9,19,37,13,31,28,8,18,26,23,7,47,25,22,14,32,50,34,24,36,30,33,11,20,44,15,12,43,2,42,29,48,17,1,46,38,4,21,5,35,39,40,41,10,49}:59
	Best Hamiltonian cycle:
		{3,25,44,28,8,21,5,11,37,19,43,49,7,47,50,35,39,2,42,29,22,14,36,15,30,4,38,48,12,46,40,20,10,41,34,9,32,23,13,31,26,18,24,1,17,33,6,45,27,16}:57

Observation 20:
	Present instant: 500.0
	Number of move events: 1600572
	Number of evaporation events: 130411
	Top candidate cycles:
		{3,37,19,9,11,33,45,6,4,38,46,40,12,17,48,21,16,29,42,2,27,31,22,25,20,44,15,10,41,34,24,36,30,49,28,8,18,26,13,23,7,47,5,35,39,1,50,32,14,43}:58
		{3,4,6,2,33,11,37,29,42,34,50,39,1,17,49,10,16,44,40,20,36,12,15,46,45,21,18,8,7,47,5,35,24,28,25,22,14,48,38,13,31,26,23,32,9,19,43,27,30,41}:58
		{3,4,42,29,48,12,43,19,9,32,14,22,25,44,16,11,33,6,45,21,5,47,7,17,1,50,34,41,40,20,36,30,15,10,49,46,38,13,37,27,31,28,24,35,23,26,18,8,39,2}:58
		{3,4,42,2,6,33,11,29,37,19,43,12,15,44,16,27,5,1,39,35,24,20,40,46,22,25,47,7,49,30,36,14,48,21,18,26,31,45,50,32,23,13,34,41,10,38,8,28,9,17}:59
		{3,45,6,27,16,9,19,37,13,31,28,8,18,26,23,7,47,25,22,14,32,50,34,24,36,30,33,11,20,44,15,12,43,2,42,29,48,17,1,46,38,4,21,5,35,39,40,41,10,49}:59
	Best Hamiltonian cycle:
		{3,25,44,28,8,21,5,11,37,19,43,49,7,47,50,35,39,2,42,29,22,14,36,15,30,4,38,48,12,46,40,20,10,41,34,9,32,23,13,31,26,18,24,1,17,33,6,45,27,16}:57